505.346771 0.000000 0.000000
0.996229 -0.040713 -0.076617
-0.008820 0.830971 -0.556246
0.086313 0.554824 0.827478
-0.472345 -0.192600 -0.045854
505.346771 0.000000 0.000000
0.988317 -0.042841 -0.146265
-0.045053 0.834671 -0.548903
0.145599 0.549080 0.822990
-0.569699 -0.168665 -0.075880
505.346771 0.000000 0.000000
0.975576 -0.045820 -0.214828
-0.083758 0.826516 -0.556646
0.203064 0.561045 0.802492
-0.670450 -0.154453 -0.096278
505.346771 0.000000 0.000000
0.945302 -0.059109 -0.320795
-0.137430 0.819732 -0.556015
0.295832 0.569689 0.766771
-0.786960 -0.130112 -0.162128
505.346771 0.000000 0.000000
0.908008 -0.050269 -0.415926
-0.189136 0.836665 -0.514022
0.373831 0.545403 0.750191
-0.865246 -0.088409 -0.245023
505.346771 0.000000 0.000000
0.877867 -0.045843 -0.476705
-0.219558 0.846108 -0.485690
0.425610 0.531036 0.732706
-0.939272 -0.050972 -0.320529
505.346771 0.000000 0.000000
0.849046 -0.040569 -0.526759
-0.258423 0.837738 -0.481053
0.460802 0.544563 0.700794
-1.018817 -0.000364 -0.372651
505.346771 0.000000 0.000000
0.819152 -0.031956 -0.572685
-0.285265 0.843508 -0.455102
0.497607 0.536165 0.681846
-1.107410 0.029778 -0.396444
505.346771 0.000000 0.000000
0.782526 -0.034271 -0.621674
-0.321970 0.832339 -0.451162
0.532905 0.553207 0.640292
-1.169615 0.065949 -0.443202
505.346771 0.000000 0.000000
0.714329 -0.041084 -0.698603
-0.354374 0.839584 -0.411725
0.603451 0.541674 0.585180
-1.208134 0.115652 -0.548194
505.346771 0.000000 0.000000
0.655919 -0.045862 -0.753437
-0.386251 0.837181 -0.387218
0.648521 0.545000 0.531409
-1.251829 0.165329 -0.634637
505.346771 0.000000 0.000000
0.604271 -0.042809 -0.795628
-0.405405 0.843120 -0.353265
0.685933 0.536019 0.492118
-1.293818 0.215194 -0.723411
505.346771 0.000000 0.000000
0.570853 -0.042145 -0.819970
-0.416177 0.846026 -0.333221
0.707760 0.531473 0.465417
-1.367106 0.244163 -0.758259
505.346771 0.000000 0.000000
0.528979 -0.038393 -0.847766
-0.444522 0.838428 -0.315338
0.722898 0.543658 0.426444
-1.414812 0.283994 -0.794903
505.346771 0.000000 0.000000
0.452136 -0.048100 -0.890651
-0.472800 0.833792 -0.285045
0.756329 0.549979 0.354245
-1.436654 0.339462 -0.904148
505.346771 0.000000 0.000000
0.372487 -0.036551 -0.927317
-0.490445 0.840537 -0.230134
0.787856 0.540520 0.295163
-1.440918 0.416563 -1.021948
505.346771 0.000000 0.000000
0.292547 -0.035671 -0.955585
-0.501846 0.844902 -0.185177
0.813982 0.533730 0.229273
-1.433153 0.482761 -1.131788
505.346771 0.000000 0.000000
0.244864 -0.023331 -0.969277
-0.514044 0.844513 -0.150189
0.822071 0.535027 0.194798
-1.458314 0.544611 -1.203722
505.346771 0.000000 0.000000
0.195537 -0.026086 -0.980349
-0.512354 0.849658 -0.124800
0.836217 0.526689 0.152774
-1.497815 0.570308 -1.254125
505.346771 0.000000 0.000000
0.120627 -0.025525 -0.992370
-0.538876 0.837875 -0.087053
0.833704 0.545265 0.087315
-1.479871 0.644864 -1.312753
505.346771 0.000000 0.000000
0.039325 -0.037909 -0.998507
-0.537062 0.841869 -0.053114
0.842626 0.538349 0.012747
-1.520476 0.671829 -1.438836
505.346771 0.000000 0.000000
-0.023227 -0.023924 -0.999444
-0.534892 0.844884 -0.007794
0.844601 0.534414 -0.032421
-1.510434 0.746894 -1.529212
505.346771 0.000000 0.000000
-0.099018 -0.031731 -0.994580
-0.522416 0.852329 0.024818
0.846922 0.522042 -0.100973
-1.460357 0.784510 -1.661723
505.346771 0.000000 0.000000
-0.177316 -0.034003 -0.983566
-0.522551 0.850141 0.064815
0.833966 0.525457 -0.168512
-1.381290 0.826308 -1.713190
505.346771 0.000000 0.000000
-0.214174 -0.024729 -0.976483
-0.536435 0.838415 0.096425
0.816313 0.544471 -0.192832
-1.380530 0.865798 -1.684079
505.346771 0.000000 0.000000
-0.268312 -0.054745 -0.961775
-0.546641 0.830731 0.105214
0.793216 0.553976 -0.252821
-1.358945 0.876297 -1.733956
505.346771 0.000000 0.000000
-0.315899 -0.042379 -0.947846
-0.553589 0.819560 0.147857
0.770550 0.571425 -0.282359
-1.350389 0.961114 -1.740700
505.346771 0.000000 0.000000
-0.371490 -0.030544 -0.927934
-0.554285 0.809096 0.195271
0.744824 0.586882 -0.317501
-1.324042 1.056518 -1.753144
505.346771 0.000000 0.000000
-0.421328 -0.037104 -0.906149
-0.572161 0.786096 0.233847
0.703644 0.616989 -0.352434
-1.290100 1.172909 -1.738421
505.346771 0.000000 0.000000
-0.542689 -0.029972 -0.839399
-0.546093 0.771903 0.325498
0.638178 0.635034 -0.435271
-1.055714 1.348488 -1.807036
505.346771 0.000000 0.000000
-0.577765 -0.044468 -0.814991
-0.546103 0.763149 0.345505
0.606596 0.644690 -0.465205
-1.055804 1.388942 -1.829195
505.346771 0.000000 0.000000
-0.633332 -0.063871 -0.771240
-0.519640 0.773599 0.362654
0.573468 0.630448 -0.523135
-0.972761 1.366886 -1.883250
505.346771 0.000000 0.000000
-0.755183 -0.068115 -0.651966
-0.436832 0.793855 0.423051
0.488750 0.604280 -0.629260
-0.654493 1.387876 -2.044561
505.346771 0.000000 0.000000
-0.780970 -0.045074 -0.622940
-0.394172 0.809240 0.435614
0.484473 0.585747 -0.649759
-0.624037 1.339967 -2.151378
505.346771 0.000000 0.000000
-0.823434 -0.050307 -0.565178
-0.372338 0.799518 0.471311
0.428160 0.598531 -0.677082
-0.525528 1.395507 -2.185151
505.346771 0.000000 0.000000
-0.852334 -0.051003 -0.520505
-0.354970 0.787310 0.504122
0.384088 0.614444 -0.689155
-0.489230 1.467645 -2.179999
505.346771 0.000000 0.000000
-0.872484 -0.071514 -0.483382
-0.350299 0.781229 0.516694
0.340681 0.620135 -0.706661
-0.468329 1.506140 -2.201843
505.346771 0.000000 0.000000
-0.907684 -0.069332 -0.413888
-0.303201 0.790215 0.532568
0.290136 0.608895 -0.738287
-0.348249 1.507431 -2.282080
505.346771 0.000000 0.000000
-0.944992 -0.059875 -0.321566
-0.234889 0.808390 0.539752
0.227633 0.585594 -0.777986
-0.170671 1.465958 -2.348284
505.346771 0.000000 0.000000
-0.967415 -0.052232 -0.247752
-0.187408 0.805674 0.561932
0.170257 0.590051 -0.789210
-0.043657 1.485118 -2.357365
505.346771 0.000000 0.000000
-0.986847 -0.046401 -0.154855
-0.126283 0.819315 0.559264
0.100924 0.571464 -0.814398
0.133142 1.422283 -2.391643
505.346771 0.000000 0.000000
-0.995509 -0.055707 -0.076547
-0.089766 0.812318 0.576265
0.030079 0.580548 -0.813671
0.247720 1.453005 -2.359582
505.346771 0.000000 0.000000
-0.998226 -0.059104 -0.007239
-0.052209 0.810278 0.583715
-0.028634 0.583057 -0.811926
0.362497 1.466492 -2.361206
505.346771 0.000000 0.000000
-0.997251 -0.064359 0.036719
-0.030555 0.808647 0.587500
-0.067504 0.584763 -0.808391
0.396535 1.491138 -2.369870
505.346771 0.000000 0.000000
-0.994226 -0.062472 0.087251
0.000009 0.813026 0.582227
-0.107310 0.578866 -0.808331
0.444223 1.492069 -2.393550
505.346771 0.000000 0.000000
-0.986818 -0.048870 0.154277
0.045663 0.830494 0.555152
-0.155257 0.554879 -0.817316
0.533418 1.417108 -2.398876
505.346771 0.000000 0.000000
-0.975034 -0.033224 0.219558
0.089661 0.845658 0.526140
-0.203151 0.532690 -0.821566
0.619613 1.334911 -2.391663
505.346771 0.000000 0.000000
-0.958831 -0.029447 0.282445
0.128345 0.842294 0.523515
-0.253317 0.538213 -0.803839
0.711047 1.318936 -2.349024
505.346771 0.000000 0.000000
-0.930430 -0.033665 0.364920
0.161424 0.856315 0.490578
-0.329002 0.515355 -0.791307
0.846023 1.220513 -2.319492
505.346771 0.000000 0.000000
-0.895136 -0.026180 0.445025
0.220991 0.840922 0.493977
-0.387164 0.540523 -0.746954
0.935455 1.244089 -2.222109
505.346771 0.000000 0.000000
-0.851937 -0.032125 0.522657
0.262390 0.837579 0.479180
-0.453160 0.545371 -0.705135
1.071708 1.224998 -2.141342
505.346771 0.000000 0.000000
-0.835595 -0.049368 0.547123
0.266511 0.834466 0.482326
-0.480367 0.548843 -0.684119
1.035157 1.240321 -2.082370
505.346771 0.000000 0.000000
-0.785040 -0.046993 0.617660
0.307413 0.836110 0.454333
-0.537782 0.546546 -0.641933
1.142772 1.187599 -1.973333
505.346771 0.000000 0.000000
-0.730947 -0.028974 0.681819
0.356953 0.835296 0.418169
-0.581636 0.549037 -0.600214
1.239250 1.113297 -1.897290
505.346771 0.000000 0.000000
-0.679119 -0.033451 0.733265
0.374315 0.843530 0.385156
-0.631415 0.536039 -0.560336
1.288021 1.032068 -1.839440
505.346771 0.000000 0.000000
-0.631298 -0.029853 0.774966
0.404625 0.839798 0.361964
-0.661621 0.542077 -0.518083
1.332045 1.004972 -1.778830
505.346771 0.000000 0.000000
-0.568383 -0.030843 0.822186
0.426749 0.843318 0.326650
-0.703439 0.536529 -0.466165
1.402005 0.948518 -1.706240
505.346771 0.000000 0.000000
-0.496705 -0.026985 0.867500
0.456912 0.841668 0.287796
-0.737913 0.539321 -0.405731
1.478743 0.899232 -1.613436
505.346771 0.000000 0.000000
-0.441499 -0.029079 0.896791
0.469897 0.843962 0.258700
-0.764380 0.535615 -0.358944
1.493863 0.841940 -1.508795
505.346771 0.000000 0.000000
-0.361064 -0.034727 0.931894
0.497880 0.837785 0.224124
-0.788510 0.544895 -0.285204
1.545144 0.787430 -1.358764
505.346771 0.000000 0.000000
-0.317824 -0.034090 0.947537
0.518077 0.830734 0.203662
-0.794094 0.555625 -0.246365
1.514628 0.750877 -1.295535
505.346771 0.000000 0.000000
-0.245921 -0.038944 0.968507
0.542841 0.822263 0.170901
-0.803023 0.567773 -0.181071
1.541907 0.718360 -1.188247
505.346771 0.000000 0.000000
-0.114317 -0.036843 0.992761
0.551194 0.829038 0.094238
-0.826509 0.557977 -0.074465
1.617869 0.592248 -1.038983
505.346771 0.000000 0.000000
-0.059040 -0.041928 0.997375
0.552128 0.831013 0.067618
-0.831666 0.554671 -0.025913
1.589755 0.552890 -0.974276
505.346771 0.000000 0.000000
-0.007860 -0.039432 0.999191
0.546628 0.836544 0.037313
-0.837339 0.546479 0.014980
1.546796 0.512070 -0.936162
505.346771 0.000000 0.000000
0.017091 -0.039419 0.999077
0.534618 0.844748 0.024184
-0.844921 0.533711 0.035512
1.465021 0.478398 -0.901218
505.346771 0.000000 0.000000
0.077857 -0.038347 0.996227
0.544471 0.838717 -0.010268
-0.835159 0.543216 0.086179
1.426097 0.430578 -0.818660
505.346771 0.000000 0.000000
0.154903 -0.035913 0.987277
0.553807 0.830714 -0.056674
-0.818109 0.555540 0.148569
1.400718 0.363674 -0.715766
505.346771 0.000000 0.000000
0.247077 -0.051474 0.967628
0.544662 0.833286 -0.094749
-0.801434 0.550440 0.233922
1.370896 0.299574 -0.587533
505.346771 0.000000 0.000000
0.292324 -0.054958 0.954739
0.539634 0.833697 -0.117236
-0.789520 0.549481 0.273367
1.310775 0.264150 -0.539251
505.346771 0.000000 0.000000
0.391220 -0.056149 0.918583
0.522626 0.835127 -0.171537
-0.757501 0.547184 0.356063
1.270716 0.195213 -0.445264
505.346771 0.000000 0.000000
0.441121 -0.049359 0.896089
0.512990 0.833151 -0.206639
-0.736379 0.550838 0.392841
1.205566 0.158855 -0.413930
505.346771 0.000000 0.000000
0.496046 -0.052354 0.866716
0.493252 0.838474 -0.231654
-0.714591 0.542421 0.441746
1.143711 0.124002 -0.341939
505.346771 0.000000 0.000000
0.557393 -0.045647 0.828993
0.471502 0.839253 -0.270813
-0.683373 0.541821 0.489317
1.050778 0.078981 -0.269321
505.346771 0.000000 0.000000
0.612797 -0.036316 0.789406
0.451785 0.835692 -0.312264
-0.648360 0.547996 0.528516
0.974190 0.014585 -0.237021
505.346771 0.000000 0.000000
0.680505 -0.049274 0.731085
0.425357 0.838982 -0.339382
-0.596644 0.541923 0.591891
0.911568 -0.014901 -0.162838
505.346771 0.000000 0.000000
0.735930 -0.046803 0.675438
0.399376 0.835575 -0.377245
-0.546723 0.547379 0.633617
0.828905 -0.050230 -0.121070
505.346771 0.000000 0.000000
0.817698 -0.046735 0.573747
0.335585 0.848513 -0.409156
-0.467710 0.527107 0.709511
0.690592 -0.096225 -0.077021
505.346771 0.000000 0.000000
0.851216 -0.047342 0.522676
0.309645 0.849410 -0.427344
-0.423736 0.525606 0.737690
0.599462 -0.116683 -0.048858
505.346771 0.000000 0.000000
0.879271 -0.033562 0.475138
0.273550 0.852193 -0.446024
-0.389940 0.522150 0.758490
0.499957 -0.148233 -0.002384
505.346771 0.000000 0.000000
0.909435 -0.037524 0.414150
0.247754 0.848761 -0.467144
-0.333985 0.527444 0.781190
0.393116 -0.169945 0.036731
505.346771 0.000000 0.000000
0.941152 -0.030583 0.336597
0.204011 0.845412 -0.493617
-0.269467 0.533238 0.801901
0.270708 -0.199778 0.057520
505.346771 0.000000 0.000000
0.971423 -0.027590 0.235744
0.148548 0.845323 -0.513188
-0.185121 0.533542 0.825265
0.154609 -0.213592 0.065123
505.346771 0.000000 0.000000
0.988357 -0.028028 0.149549
0.102181 0.850531 -0.515904
-0.112737 0.525178 0.843492
0.036739 -0.213704 0.052015
505.346771 0.000000 0.000000
0.991204 -0.033714 0.127979
0.097363 0.840748 -0.532601
-0.089643 0.540376 0.836635
-0.065875 -0.216451 0.075862
505.346771 0.000000 0.000000
0.997381 -0.033139 0.064281
0.063271 0.830356 -0.553629
-0.035030 0.556246 0.830279
-0.157818 -0.229091 0.105860
505.346771 0.000000 0.000000
0.999494 -0.030109 0.010243
0.030848 0.839437 -0.542580
0.007738 0.542622 0.839942
-0.261795 -0.232162 0.114486
505.346771 0.000000 0.000000
0.995458 -0.045149 -0.083816
-0.006771 0.844594 -0.535365
0.094962 0.533500 0.840452
-0.379205 -0.221682 0.080735
505.346771 0.000000 0.000000
0.986812 -0.043901 -0.155800
-0.046888 0.843725 -0.534724
0.154928 0.534977 0.830540
-0.480381 -0.188318 0.018073
505.346771 0.000000 0.000000
0.976412 -0.029662 -0.213869
-0.090567 0.842905 -0.530386
0.196004 0.537245 0.820336
-0.575432 -0.161197 -0.018383
